Palácio Sintra
38.78820335964493,-9.381004803076166
38.79489326430675,-9.389072887792963
38.79382292175236,-9.401604168310541
38.789608292998146,-9.405037395849604
38.78117828663811,-9.400745861425776
38.7804422862835,-9.387184612646479

Jamor
38.71322973485406,-9.253975384130854
38.71309578975657,-9.261871807470698
38.70713497882959,-9.262987606420893
38.700838751550684,-9.25955437888183
38.70097271961232,-9.25680779685058
38.702647299207825,-9.253717892065424
38.70271428157601,-9.250456325903315
38.70907732036694,-9.244555466070551
38.71751584561367,-9.25058507193603

Lamarosa
39.07136671453458,-8.447038166418452
39.07574787193005,-8.45083617438354
39.07546468746928,-8.456264965429682
39.071766527247824,-8.46205853690185
39.06776829835274,-8.465577595129389
39.0646361941391,-8.465084068670649
39.06263690604749,-8.462959759130854
39.06160391830709,-8.458475105657953
39.06250361815611,-8.450728886022944
39.06550253468199,-8.445707790747065

Osso da Baleia
40.00851087438587,-8.888207905187983
40.00614412402224,-8.912068836584467
39.97931522136828,-8.908463947668452
39.98654954226223,-8.887607090368647
39.99720232916462,-8.888551227941889
39.99864887449919,-8.885375492468256

Vale Florido
40.0003583924251,-8.449784748449702
39.99956939054439,-8.456136219396967
39.98832512445314,-8.45853947867431
39.98115676116251,-8.455964558020014
39.980893687604805,-8.449613087072748
39.989311537768494,-8.446866505041498

Serra do Sirigo
40.939152377977074,-7.403165333166498
40.94155130367417,-7.411662571325678
40.938114977717774,-7.424794666662592
40.919309276825366,-7.424966328039545
40.91956870224039,-7.404195301428217

Tocha 2
40.35801173906583,-8.789502613439936
40.357423099540796,-8.794223301306147
40.34015405419317,-8.801518909826655
40.342182087919625,-8.785811893835444

Tocha 1
40.36527120398361,-8.791047565832514
40.365303902507435,-8.80535983313598
40.36075865556474,-8.80413674582519
40.360562450955015,-8.809072010412592
40.346499634069666,-8.806153767004389
40.34754627030646,-8.798514835729975
